0, Matrix Processor, 21312243, 21312675, 21312491, 21312810, 21312330
1, Contact Management, 21312345, 21312656, 21312719, 20320046
2, Calculator, 21312383, 21312781, 21312647, 21312060
3, Contact Management, 21312447, 21312596, 21312275, 21312748
4, Matrix Processor, 21312483, 21312507, 21312094, 21312666
5, Contact Management, 21312649, 21312357, 21312690, 21312864
6, Gluttonous Snake, 21312654, 21312055, 21312659, 21312628
7, Gluttonous Snake, 21312664, 21312318, 21312398, 21312872
8, Calculator, 21312736, 21312087, 21312151, 21312064
9, Matrix Processor, 21312771, 21312388, 21312371, 21312807
10, Calculator, 21312819, 21312140, 21312578, 21312903
